# POINTS: 17 17
0.453786 1.67552 50026.5
0.466876 1.67552 68646
0.479966 1.67552 87879.6
0.493056 1.67552 108172
0.506145 1.67552 129676
0.519235 1.67552 151667
0.532325 1.67552 172001
0.545415 1.67552 187939
0.558505 1.67552 201132
0.571595 1.67552 213516
0.584685 1.67552 225835
0.597775 1.67552 237447
0.610865 1.67552 250656
0.623955 1.67552 271217
0.637045 1.67552 305682
0.650135 1.67552 354699
0.663225 1.67552 407741
0.453786 1.68861 62559.4
0.466876 1.68861 77437.3
0.479966 1.68861 92829.1
0.493056 1.68861 109432
0.506145 1.68861 128100
0.519235 1.68861 149129
0.532325 1.68861 170013
0.545415 1.68861 181546
0.558505 1.68861 189571
0.571595 1.68861 198258
0.584685 1.68861 208945
0.597775 1.68861 216311
0.610865 1.68861 221516
0.623955 1.68861 230602
0.637045 1.68861 257094
0.650135 1.68861 308908
0.663225 1.68861 360015
0.453786 1.7017 75286
0.466876 1.7017 86451.1
0.479966 1.7017 97881.3
0.493056 1.7017 110345
0.506145 1.7017 125398
0.519235 1.7017 145399
0.532325 1.7017 170786
0.545415 1.7017 175773
0.558505 1.7017 177131
0.571595 1.7017 181621
0.584685 1.7017 193190
0.597775 1.7017 197201
0.610865 1.7017 195439
0.623955 1.7017 189432
0.637045 1.7017 203315
0.650135 1.7017 264591
0.663225 1.7017 308257
0.453786 1.71479 88711.7
0.466876 1.71479 96486.2
0.479966 1.71479 104140
0.493056 1.71479 112151
0.506145 1.71479 122052
0.519235 1.71479 138085
0.532325 1.71479 174306
0.545415 1.71479 171665
0.558505 1.71479 163766
0.571595 1.71479 162858
0.584685 1.71479 176457
0.597775 1.71479 176949
0.610865 1.71479 177308
0.623955 1.71479 154772
0.637045 1.71479 150490
0.650135 1.71479 220800
0.663225 1.71479 238819
0.453786 1.72788 103346
0.466876 1.72788 108504
0.479966 1.72788 113338
0.493056 1.72788 118008
0.506145 1.72788 123438
0.519235 1.72788 132584
0.532325 1.72788 152880
0.545415 1.72788 183310
0.558505 1.72788 149480
0.571595 1.72788 155100
0.584685 1.72788 142830
0.597775 1.72788 134130
0.610865 1.72788 170440
0.623955 1.72788 138540
0.637045 1.72788 187000
0.650135 1.72788 129530
0.663225 1.72788 136843
0.453786 1.74097 119350
0.466876 1.74097 122827
0.479966 1.74097 126170
0.493056 1.74097 129425
0.506145 1.74097 132425
0.519235 1.74097 134179
0.532325 1.74097 134790
0.545415 1.74097 167690
0.558505 1.74097 152730
0.571595 1.74097 130600
0.584685 1.74097 139340
0.597775 1.74097 106230
0.610865 1.74097 150790
0.623955 1.74097 211560
0.637045 1.74097 209000
0.650135 1.74097 146930
0.663225 1.74097 121931
0.453786 1.75406 136413
0.466876 1.75406 138768
0.479966 1.75406 141624
0.493056 1.75406 145804
0.506145 1.75406 152545
0.519235 1.75406 163120
0.532325 1.75406 175280
0.545415 1.75406 157590
0.558505 1.75406 178280
0.571595 1.75406 143630
0.584685 1.75406 143620
0.597775 1.75406 134370
0.610865 1.75406 137120
0.623955 1.75406 140240
0.637045 1.75406 150910
0.650135 1.75406 154130
0.663225 1.75406 140910
0.453786 1.76715 153911
0.466876 1.76715 154781
0.479966 1.76715 156419
0.493056 1.76715 159813
0.506145 1.76715 166207
0.519235 1.76715 176290
0.532325 1.76715 185470
0.545415 1.76715 158090
0.558505 1.76715 140240
0.571595 1.76715 141260
0.584685 1.76715 165690
0.597775 1.76715 138590
0.610865 1.76715 179730
0.623955 1.76715 189120
0.637045 1.76715 135890
0.650135 1.76715 167580
0.663225 1.76715 154649
0.453786 1.78024 171308
0.466876 1.78024 169882
0.479966 1.78024 168945
0.493056 1.78024 168917
0.506145 1.78024 169821
0.519235 1.78024 170198
0.532325 1.78024 166200
0.545415 1.78024 179440
0.558505 1.78024 179170
0.571595 1.78024 169190
0.584685 1.78024 141840
0.597775 1.78024 134160
0.610865 1.78024 174470
0.623955 1.78024 169230
0.637045 1.78024 184830
0.650135 1.78024 140650
0.663225 1.78024 133912
0.453786 1.79333 188331
0.466876 1.79333 184066
0.479966 1.79333 179976
0.493056 1.79333 176194
0.506145 1.79333 173251
0.519235 1.79333 174383
0.532325 1.79333 189140
0.545415 1.79333 188850
0.558505 1.79333 190170
0.571595 1.79333 170840
0.584685 1.79333 147280
0.597775 1.79333 139800
0.610865 1.79333 173230
0.623955 1.79333 177340
0.637045 1.79333 194570
0.650135 1.79333 149080
0.663225 1.79333 150516
0.453786 1.80642 204838
0.466876 1.80642 197527
0.479966 1.80642 190221
0.493056 1.80642 182275
0.506145 1.80642 171117
0.519235 1.80642 149993
0.532325 1.80642 111900
0.545415 1.80642 151860
0.558505 1.80642 162180
0.571595 1.80642 156970
0.584685 1.80642 123240
0.597775 1.80642 146770
0.610865 1.80642 144800
0.623955 1.80642 131610
0.637045 1.80642 148520
0.650135 1.80642 223670
0.663225 1.80642 205352
0.453786 1.81951 220632
0.466876 1.81951 210229
0.479966 1.81951 200686
0.493056 1.81951 192986
0.506145 1.81951 189020
0.519235 1.81951 193579
0.532325 1.81951 210730
0.545415 1.81951 147350
0.558505 1.81951 174540
0.571595 1.81951 181480
0.584685 1.81951 193980
0.597775 1.81951 184960
0.610865 1.81951 128870
0.623955 1.81951 139140
0.637045 1.81951 149970
0.650135 1.81951 137980
0.663225 1.81951 149604
0.453786 1.8326 235340
0.466876 1.8326 220725
0.479966 1.8326 207384
0.493056 1.8326 196318
0.506145 1.8326 187732
0.519235 1.8326 179362
0.532325 1.8326 164890
0.545415 1.8326 167750
0.558505 1.8326 177900
0.571595 1.8326 174480
0.584685 1.8326 168570
0.597775 1.8326 183160
0.610865 1.8326 154100
0.623955 1.8326 120150
0.637045 1.8326 134090
0.650135 1.8326 120020
0.663225 1.8326 120787
0.453786 1.84569 248739
0.466876 1.84569 228282
0.479966 1.84569 209440
0.493056 1.84569 193721
0.506145 1.84569 182321
0.519235 1.84569 175260
0.532325 1.84569 170940
0.545415 1.84569 179920
0.558505 1.84569 196140
0.571595 1.84569 144050
0.584685 1.84569 151480
0.597775 1.84569 132530
0.610865 1.84569 119520
0.623955 1.84569 115400
0.637045 1.84569 154200
0.650135 1.84569 122700
0.663225 1.84569 127592
0.453786 1.85878 260845
0.466876 1.85878 232517
0.479966 1.85878 205825
0.493056 1.85878 182854
0.506145 1.85878 167021
0.519235 1.85878 164363
0.532325 1.85878 181360
0.545415 1.85878 182950
0.558505 1.85878 162070
0.571595 1.85878 128950
0.584685 1.85878 143980
0.597775 1.85878 119230
0.610865 1.85878 139100
0.623955 1.85878 172620
0.637045 1.85878 137140
0.650135 1.85878 173660
0.663225 1.85878 178995
0.453786 1.87187 271947
0.466876 1.87187 233688
0.479966 1.87187 196189
0.493056 1.87187 160504
0.506145 1.87187 128223
0.519235 1.87187 101460
0.532325 1.87187 82310
0.545415 1.87187 86050
0.558505 1.87187 134030
0.571595 1.87187 161890
0.584685 1.87187 178590
0.597775 1.87187 142720
0.610865 1.87187 162290
0.623955 1.87187 166720
0.637045 1.87187 159100
0.650135 1.87187 183080
0.663225 1.87187 203824
0.453786 1.88496 282537
0.466876 1.88496 233280
0.479966 1.88496 183698
0.493056 1.88496 133849
0.506145 1.88496 84816.2
0.519235 1.88496 40787
0.532325 1.88496 13977.2
0.545415 1.88496 31317.3
0.558505 1.88496 100842
0.571595 1.88496 162148
0.584685 1.88496 188926
0.597775 1.88496 173504
0.610865 1.88496 177489
0.623955 1.88496 175839
0.637045 1.88496 178507
0.650135 1.88496 198138
0.663225 1.88496 223211
